# table produced by mapDamage version 2.0.8-dirty
# using mapped file out_aligned.bam and horse_chrom31.fa as reference file
# Chr: reference from sam/bam header, End: from which termini of DNA sequences, Std: strand of reads
Chr	End	Std	Pos	A	C	G	T	Total	G>A	C>T	A>G	T>C	A>C	A>T	C>G	C>A	T>G	T>A	G>C	G>T	A>-	T>-	C>-	G>-	->A	->T	->C	->G	S
chr31	3p	+	1	146382	102642	101122	146440	496586	17709	182	67	54	44	59	40	47	48	61	37	44	0	0	0	0	0	0	0	0	0
chr31	3p	+	2	146563	102337	101538	146148	496586	10780	253	61	49	63	54	36	49	69	62	33	39	0	0	0	0	0	0	0	0	0
chr31	3p	+	3	146451	102369	101474	146292	496586	6723	317	59	49	66	44	45	41	50	48	41	24	0	0	0	0	0	0	0	0	0
chr31	3p	+	4	146531	102351	102135	145569	496586	4040	359	61	50	53	55	35	28	56	57	43	46	0	0	0	0	0	0	0	0	0
chr31	3p	+	5	146648	102595	101440	145903	496586	2648	411	56	44	61	61	38	41	55	52	43	39	0	0	0	0	0	0	0	0	0
chr31	3p	+	6	146713	102585	101795	145492	496585	1869	429	53	53	54	45	42	35	50	48	39	36	0	0	0	0	1	0	0	0	0
chr31	3p	+	7	146995	102366	101672	145553	496586	1312	426	49	54	57	61	42	54	64	52	39	36	0	0	0	0	0	0	0	0	0
chr31	3p	+	8	147095	102411	101313	145767	496586	993	461	56	60	50	46	42	37	63	52	28	32	0	0	0	0	0	0	0	0	0
chr31	3p	+	9	146000	102659	101966	145960	496585	820	504	54	46	44	52	45	32	46	48	28	25	0	0	0	0	0	1	0	0	0
chr31	3p	+	10	147106	101485	102016	145979	496586	693	478	73	58	60	58	43	33	42	50	32	35	0	0	0	0	0	0	0	0	0
chr31	3p	+	11	146229	102681	102054	145622	496586	646	491	58	65	51	51	27	32	55	59	36	41	0	0	0	0	0	0	0	0	0
chr31	3p	+	12	146625	102496	101761	145703	496585	595	500	48	35	39	64	41	40	52	37	47	32	0	0	0	0	0	0	0	1	0
chr31	3p	+	13	146581	102297	101764	145942	496584	569	504	58	52	38	60	43	38	51	44	39	39	0	0	0	0	0	1	1	0	0
chr31	3p	+	14	146883	102149	101881	145673	496586	497	539	44	69	50	53	26	44	50	52	26	28	0	0	0	0	0	0	0	0	0
chr31	3p	+	15	146815	102517	101422	145832	496586	527	522	69	58	54	41	33	32	50	55	37	30	0	0	0	0	0	0	0	0	0
chr31	3p	+	16	146157	102741	101970	145718	496586	459	607	50	32	51	45	33	45	56	46	39	21	0	0	0	0	0	0	0	0	0
chr31	3p	+	17	146600	102557	101755	145674	496586	478	561	51	45	68	56	49	49	45	57	26	31	0	0	0	0	0	0	0	0	0
chr31	3p	+	18	147002	102635	101215	145732	496584	444	601	48	53	61	43	28	34	48	57	33	38	0	0	0	0	1	0	0	1	0
chr31	3p	+	19	146258	102319	101733	146276	496586	418	609	71	46	47	49	28	33	44	54	35	43	0	0	0	0	0	0	0	0	0
chr31	3p	+	20	146516	102122	102064	145883	496585	432	698	57	54	49	47	36	28	40	55	40	41	0	0	0	0	1	0	0	0	0
chr31	3p	+	21	146625	102258	102188	145515	496586	399	690	44	47	49	36	39	31	62	54	33	31	0	0	0	0	0	0	0	0	0
chr31	3p	+	22	146284	102294	101918	146090	496586	352	689	53	58	38	42	44	38	52	57	31	30	0	0	0	0	0	0	0	0	0
chr31	3p	+	23	146569	102095	102406	145516	496586	373	700	48	49	45	54	35	43	48	52	28	32	0	0	0	0	0	0	0	0	0
chr31	3p	+	24	146697	101963	102005	145921	496586	347	786	55	41	55	53	48	41	44	50	30	38	0	0	0	0	0	0	0	0	0
chr31	3p	+	25	146632	102507	101369	146078	496586	287	789	37	47	52	48	35	36	50	61	30	36	0	0	0	0	0	0	0	0	0
chr31	3p	+	26	146341	103037	101601	145606	496585	297	939	54	62	51	38	31	35	45	70	40	31	0	0	0	0	1	0	0	0	0
chr31	3p	+	27	146458	102537	102148	145442	496585	250	1013	53	47	58	47	34	35	56	49	37	28	0	0	0	0	1	0	0	0	0
chr31	3p	+	28	146621	102615	101817	145532	496585	226	1191	55	65	58	44	37	33	41	44	39	31	0	0	0	0	0	1	0	0	0
chr31	3p	+	29	146283	102085	102278	145940	496586	191	1507	50	61	44	56	34	44	53	56	47	50	0	0	0	0	0	0	0	0	0
chr31	3p	+	30	146167	102443	101835	146141	496586	209	1980	57	48	69	65	44	34	59	60	42	41	0	0	0	0	0	0	0	0	0
chr31	3p	+	31	146569	101782	102113	146121	496585	161	2995	72	74	66	74	53	51	88	74	50	50	0	0	0	0	0	1	0	0	0
chr31	3p	+	32	146601	101595	102435	145955	496586	163	4239	52	57	66	95	36	39	65	69	38	49	0	0	0	0	0	0	0	0	0
chr31	3p	+	33	146579	102254	102172	145581	496586	103	6739	46	51	43	46	39	34	52	48	38	36	0	1	0	0	0	0	0	0	0
chr31	3p	+	34	146613	101358	102376	146239	496586	72	11020	45	44	51	51	27	32	52	49	32	39	0	0	0	0	0	0	0	0	0
chr31	3p	+	35	147010	101208	101930	145962	496110	48	17745	43	47	49	44	32	35	68	56	26	41	0	0	0	0	0	0	0	0	0
chr31	3p	+	36	2	3	1	5	11	0	1	0	0	0	0	0	0	0	0	0	0	0	0	0	0	0	0	0	0	0
chr31	3p	+	37	0	0	0	0	0	0	0	0	0	0	0	0	0	0	0	0	0	0	0	0	0	0	0	0	0	0
chr31	3p	+	38	0	0	0	0	0	0	0	0	0	0	0	0	0	0	0	0	0	0	0	0	0	0	0	0	0	0
chr31	3p	+	39	0	0	0	0	0	0	0	0	0	0	0	0	0	0	0	0	0	0	0	0	0	0	0	0	0	0
chr31	3p	+	40	0	0	0	0	0	0	0	0	0	0	0	0	0	0	0	0	0	0	0	0	0	0	0	0	0	0
chr31	3p	+	41	0	0	0	0	0	0	0	0	0	0	0	0	0	0	0	0	0	0	0	0	0	0	0	0	0	0
chr31	3p	+	42	0	0	0	0	0	0	0	0	0	0	0	0	0	0	0	0	0	0	0	0	0	0	0	0	0	0
chr31	3p	+	43	0	0	0	0	0	0	0	0	0	0	0	0	0	0	0	0	0	0	0	0	0	0	0	0	0	0
chr31	3p	+	44	0	0	0	0	0	0	0	0	0	0	0	0	0	0	0	0	0	0	0	0	0	0	0	0	0	0
chr31	3p	+	45	0	0	0	0	0	0	0	0	0	0	0	0	0	0	0	0	0	0	0	0	0	0	0	0	0	0
chr31	3p	+	46	0	0	0	0	0	0	0	0	0	0	0	0	0	0	0	0	0	0	0	0	0	0	0	0	0	0
chr31	3p	+	47	0	0	0	0	0	0	0	0	0	0	0	0	0	0	0	0	0	0	0	0	0	0	0	0	0	0
chr31	3p	+	48	0	0	0	0	0	0	0	0	0	0	0	0	0	0	0	0	0	0	0	0	0	0	0	0	0	0
chr31	3p	+	49	0	0	0	0	0	0	0	0	0	0	0	0	0	0	0	0	0	0	0	0	0	0	0	0	0	0
chr31	3p	+	50	0	0	0	0	0	0	0	0	0	0	0	0	0	0	0	0	0	0	0	0	0	0	0	0	0	0
chr31	3p	+	51	0	0	0	0	0	0	0	0	0	0	0	0	0	0	0	0	0	0	0	0	0	0	0	0	0	0
chr31	3p	+	52	0	0	0	0	0	0	0	0	0	0	0	0	0	0	0	0	0	0	0	0	0	0	0	0	0	0
chr31	3p	+	53	0	0	0	0	0	0	0	0	0	0	0	0	0	0	0	0	0	0	0	0	0	0	0	0	0	0
chr31	3p	+	54	0	0	0	0	0	0	0	0	0	0	0	0	0	0	0	0	0	0	0	0	0	0	0	0	0	0
chr31	3p	+	55	0	0	0	0	0	0	0	0	0	0	0	0	0	0	0	0	0	0	0	0	0	0	0	0	0	0
chr31	3p	+	56	0	0	0	0	0	0	0	0	0	0	0	0	0	0	0	0	0	0	0	0	0	0	0	0	0	0
chr31	3p	+	57	0	0	0	0	0	0	0	0	0	0	0	0	0	0	0	0	0	0	0	0	0	0	0	0	0	0
chr31	3p	+	58	0	0	0	0	0	0	0	0	0	0	0	0	0	0	0	0	0	0	0	0	0	0	0	0	0	0
chr31	3p	+	59	0	0	0	0	0	0	0	0	0	0	0	0	0	0	0	0	0	0	0	0	0	0	0	0	0	0
chr31	3p	+	60	0	0	0	0	0	0	0	0	0	0	0	0	0	0	0	0	0	0	0	0	0	0	0	0	0	0
chr31	3p	+	61	0	0	0	0	0	0	0	0	0	0	0	0	0	0	0	0	0	0	0	0	0	0	0	0	0	0
chr31	3p	+	62	0	0	0	0	0	0	0	0	0	0	0	0	0	0	0	0	0	0	0	0	0	0	0	0	0	0
chr31	3p	+	63	0	0	0	0	0	0	0	0	0	0	0	0	0	0	0	0	0	0	0	0	0	0	0	0	0	0
chr31	3p	+	64	0	0	0	0	0	0	0	0	0	0	0	0	0	0	0	0	0	0	0	0	0	0	0	0	0	0
chr31	3p	+	65	0	0	0	0	0	0	0	0	0	0	0	0	0	0	0	0	0	0	0	0	0	0	0	0	0	0
chr31	3p	+	66	0	0	0	0	0	0	0	0	0	0	0	0	0	0	0	0	0	0	0	0	0	0	0	0	0	0
chr31	3p	+	67	0	0	0	0	0	0	0	0	0	0	0	0	0	0	0	0	0	0	0	0	0	0	0	0	0	0
chr31	3p	+	68	0	0	0	0	0	0	0	0	0	0	0	0	0	0	0	0	0	0	0	0	0	0	0	0	0	0
chr31	3p	+	69	0	0	0	0	0	0	0	0	0	0	0	0	0	0	0	0	0	0	0	0	0	0	0	0	0	0
chr31	3p	+	70	0	0	0	0	0	0	0	0	0	0	0	0	0	0	0	0	0	0	0	0	0	0	0	0	0	0
chr31	3p	-	1	146421	102566	101652	147386	498025	17911	188	64	57	53	57	30	33	54	77	39	39	0	0	0	0	0	0	0	0	0
chr31	3p	-	2	146359	102189	102084	147393	498025	10938	254	59	51	60	50	37	32	68	68	42	42	0	0	0	0	0	0	0	0	0
chr31	3p	-	3	145859	102876	102278	147012	498025	6570	320	57	58	65	57	40	37	54	46	45	28	0	0	0	0	0	0	0	0	0
chr31	3p	-	4	146103	102391	102645	146886	498025	4168	380	69	52	52	39	43	38	53	62	36	47	0	0	0	0	0	0	0	0	0
chr31	3p	-	5	145915	102091	102685	147334	498025	2701	377	62	48	58	47	35	51	56	63	48	41	0	0	0	0	0	0	0	0	0
chr31	3p	-	6	145987	102527	102202	147309	498025	1826	398	50	62	73	59	37	52	48	43	42	42	0	0	0	0	0	0	0	0	0
chr31	3p	-	7	145882	102816	102342	146985	498025	1231	445	59	50	54	56	31	41	58	55	35	28	0	0	0	0	0	0	0	0	0
chr31	3p	-	8	145983	102389	102504	147149	498025	1024	421	41	61	59	47	32	38	65	58	40	41	0	0	0	0	0	0	0	0	0
chr31	3p	-	9	145886	102623	102413	147103	498025	806	487	60	64	56	54	45	33	66	48	31	36	0	0	0	0	0	0	0	0	0
chr31	3p	-	10	146161	101885	102885	147093	498024	725	463	52	60	59	59	33	40	52	63	53	35	0	0	0	0	0	1	0	0	0
chr31	3p	-	11	146542	102207	102565	146711	498025	630	461	55	47	56	48	41	35	43	63	38	44	0	0	0	0	0	0	0	0	0
chr31	3p	-	12	146456	102194	102089	147286	498025	613	542	67	49	53	51	38	48	47	59	29	34	0	0	0	0	0	0	0	0	0
chr31	3p	-	13	146031	102512	102137	147345	498025	523	547	47	55	49	53	29	48	41	43	40	39	0	0	0	0	0	0	0	0	0
chr31	3p	-	14	145523	102600	102442	147460	498025	534	542	50	52	42	40	42	40	54	47	36	34	0	0	0	0	0	0	0	0	0
chr31	3p	-	15	146150	101439	102944	147492	498025	530	542	59	61	57	52	32	41	40	54	30	45	0	0	0	0	0	0	0	0	0
chr31	3p	-	16	145841	102551	102426	147207	498025	488	548	52	48	51	41	42	31	55	67	30	42	0	0	0	0	0	0	0	0	0
chr31	3p	-	17	146037	102561	102456	146971	498025	501	601	44	60	47	54	28	27	58	47	35	34	0	0	0	0	0	0	0	0	0
chr31	3p	-	18	146187	102153	102276	147409	498025	454	597	46	54	56	54	37	33	60	43	32	34	0	0	0	0	0	0	0	0	0
chr31	3p	-	19	145949	102674	103008	146392	498023	471	653	44	57	46	47	44	31	50	61	32	39	0	0	0	0	0	1	1	0	0
chr31	3p	-	20	146747	101593	102371	147313	498024	430	672	46	60	56	59	42	27	53	48	36	33	0	0	0	0	0	0	1	0	0
chr31	3p	-	21	146059	102809	102721	146436	498025	386	639	47	56	61	63	51	37	55	49	30	33	0	0	0	0	0	0	0	0	0
chr31	3p	-	22	146241	102398	102644	146742	498025	386	690	42	52	48	55	40	38	47	53	29	32	0	0	0	0	0	0	0	0	0
chr31	3p	-	23	146085	102652	102402	146886	498025	365	737	40	50	44	52	36	40	39	47	37	35	0	0	0	0	0	0	0	0	0
chr31	3p	-	24	145903	102357	102958	146807	498025	326	736	47	38	41	45	31	32	49	54	30	36	0	0	0	0	0	0	0	0	0
chr31	3p	-	25	146650	101942	102587	146846	498025	328	821	50	53	47	42	35	23	58	53	42	38	0	0	0	0	0	0	0	0	0
chr31	3p	-	26	146101	102320	102835	146769	498025	296	891	50	40	51	49	44	33	43	55	31	40	0	0	0	0	0	0	0	0	0
chr31	3p	-	27	146627	102343	102377	146677	498024	274	1011	61	50	54	50	34	41	54	44	25	25	0	0	0	0	1	0	0	0	0
chr31	3p	-	28	146127	102544	102554	146799	498024	266	1163	48	57	58	54	44	37	49	44	26	36	0	0	0	0	0	1	0	0	0
chr31	3p	-	29	146483	102659	102343	146540	498025	200	1525	47	44	56	47	51	41	51	40	46	36	0	0	0	0	0	0	0	0	0
chr31	3p	-	30	146277	102076	102817	146853	498023	190	2115	57	53	65	70	38	40	52	47	35	40	0	0	1	0	1	1	0	0	0
chr31	3p	-	31	145643	102137	102704	147541	498025	172	2931	79	88	81	83	41	47	76	73	52	44	0	0	0	0	0	0	0	0	0
chr31	3p	-	32	146056	101826	102710	147433	498025	161	4399	61	61	80	54	40	43	69	69	49	46	0	0	0	0	0	0	0	0	0
chr31	3p	-	33	146448	101751	102836	146990	498025	103	6905	51	41	42	49	23	44	35	56	39	47	0	1	0	0	0	0	0	0	0
chr31	3p	-	34	145888	102021	102664	147452	498025	73	10891	47	51	39	59	37	40	49	42	37	26	0	0	0	0	0	0	0	0	0
chr31	3p	-	35	145608	101639	102997	147280	497524	51	18178	52	40	47	60	35	30	46	53	38	35	0	0	0	0	0	0	0	0	0
chr31	3p	-	36	2	3	3	4	12	1	0	0	0	0	0	0	0	0	1	0	0	0	0	0	0	0	0	0	0	0
chr31	3p	-	37	0	1	0	0	1	0	0	0	0	0	0	0	0	0	0	0	0	0	0	0	0	0	0	0	0	0
chr31	3p	-	38	0	0	0	0	0	0	0	0	0	0	0	0	0	0	0	0	0	0	0	0	0	0	0	0	0	0
chr31	3p	-	39	0	0	0	0	0	0	0	0	0	0	0	0	0	0	0	0	0	0	0	0	0	0	0	0	0	0
chr31	3p	-	40	0	0	0	0	0	0	0	0	0	0	0	0	0	0	0	0	0	0	0	0	0	0	0	0	0	0
chr31	3p	-	41	0	0	0	0	0	0	0	0	0	0	0	0	0	0	0	0	0	0	0	0	0	0	0	0	0	0
chr31	3p	-	42	0	0	0	0	0	0	0	0	0	0	0	0	0	0	0	0	0	0	0	0	0	0	0	0	0	0
chr31	3p	-	43	0	0	0	0	0	0	0	0	0	0	0	0	0	0	0	0	0	0	0	0	0	0	0	0	0	0
chr31	3p	-	44	0	0	0	0	0	0	0	0	0	0	0	0	0	0	0	0	0	0	0	0	0	0	0	0	0	0
chr31	3p	-	45	0	0	0	0	0	0	0	0	0	0	0	0	0	0	0	0	0	0	0	0	0	0	0	0	0	0
chr31	3p	-	46	0	0	0	0	0	0	0	0	0	0	0	0	0	0	0	0	0	0	0	0	0	0	0	0	0	0
chr31	3p	-	47	0	0	0	0	0	0	0	0	0	0	0	0	0	0	0	0	0	0	0	0	0	0	0	0	0	0
chr31	3p	-	48	0	0	0	0	0	0	0	0	0	0	0	0	0	0	0	0	0	0	0	0	0	0	0	0	0	0
chr31	3p	-	49	0	0	0	0	0	0	0	0	0	0	0	0	0	0	0	0	0	0	0	0	0	0	0	0	0	0
chr31	3p	-	50	0	0	0	0	0	0	0	0	0	0	0	0	0	0	0	0	0	0	0	0	0	0	0	0	0	0
chr31	3p	-	51	0	0	0	0	0	0	0	0	0	0	0	0	0	0	0	0	0	0	0	0	0	0	0	0	0	0
chr31	3p	-	52	0	0	0	0	0	0	0	0	0	0	0	0	0	0	0	0	0	0	0	0	0	0	0	0	0	0
chr31	3p	-	53	0	0	0	0	0	0	0	0	0	0	0	0	0	0	0	0	0	0	0	0	0	0	0	0	0	0
chr31	3p	-	54	0	0	0	0	0	0	0	0	0	0	0	0	0	0	0	0	0	0	0	0	0	0	0	0	0	0
chr31	3p	-	55	0	0	0	0	0	0	0	0	0	0	0	0	0	0	0	0	0	0	0	0	0	0	0	0	0	0
chr31	3p	-	56	0	0	0	0	0	0	0	0	0	0	0	0	0	0	0	0	0	0	0	0	0	0	0	0	0	0
chr31	3p	-	57	0	0	0	0	0	0	0	0	0	0	0	0	0	0	0	0	0	0	0	0	0	0	0	0	0	0
chr31	3p	-	58	0	0	0	0	0	0	0	0	0	0	0	0	0	0	0	0	0	0	0	0	0	0	0	0	0	0
chr31	3p	-	59	0	0	0	0	0	0	0	0	0	0	0	0	0	0	0	0	0	0	0	0	0	0	0	0	0	0
chr31	3p	-	60	0	0	0	0	0	0	0	0	0	0	0	0	0	0	0	0	0	0	0	0	0	0	0	0	0	0
chr31	3p	-	61	0	0	0	0	0	0	0	0	0	0	0	0	0	0	0	0	0	0	0	0	0	0	0	0	0	0
chr31	3p	-	62	0	0	0	0	0	0	0	0	0	0	0	0	0	0	0	0	0	0	0	0	0	0	0	0	0	0
chr31	3p	-	63	0	0	0	0	0	0	0	0	0	0	0	0	0	0	0	0	0	0	0	0	0	0	0	0	0	0
chr31	3p	-	64	0	0	0	0	0	0	0	0	0	0	0	0	0	0	0	0	0	0	0	0	0	0	0	0	0	0
chr31	3p	-	65	0	0	0	0	0	0	0	0	0	0	0	0	0	0	0	0	0	0	0	0	0	0	0	0	0	0
chr31	3p	-	66	0	0	0	0	0	0	0	0	0	0	0	0	0	0	0	0	0	0	0	0	0	0	0	0	0	0
chr31	3p	-	67	0	0	0	0	0	0	0	0	0	0	0	0	0	0	0	0	0	0	0	0	0	0	0	0	0	0
chr31	3p	-	68	0	0	0	0	0	0	0	0	0	0	0	0	0	0	0	0	0	0	0	0	0	0	0	0	0	0
chr31	3p	-	69	0	0	0	0	0	0	0	0	0	0	0	0	0	0	0	0	0	0	0	0	0	0	0	0	0	0
chr31	3p	-	70	0	0	0	0	0	0	0	0	0	0	0	0	0	0	0	0	0	0	0	0	0	0	0	0	0	0
chr31	5p	+	1	147139	101298	102029	146119	496585	48	17758	43	47	49	44	32	35	68	56	26	41	0	0	0	0	0	0	0	0	0
chr31	5p	+	2	146627	101370	102374	146215	496586	72	11012	45	44	51	51	27	32	52	49	32	39	0	0	0	0	0	0	0	0	0
chr31	5p	+	3	146569	102251	102170	145596	496586	104	6740	46	51	43	46	39	34	52	48	38	36	0	0	0	0	0	0	0	0	0
chr31	5p	+	4	146598	101592	102440	145956	496586	162	4238	52	57	66	95	36	40	65	69	39	49	0	1	0	0	0	0	0	0	0
chr31	5p	+	5	146572	101778	102115	146120	496585	162	2994	72	74	66	74	54	50	88	74	49	50	0	0	0	0	0	1	0	0	0
chr31	5p	+	6	146166	102445	101838	146137	496586	208	1980	57	48	69	65	43	34	59	60	42	41	0	0	0	0	0	0	0	0	0
chr31	5p	+	7	146295	102077	102282	145932	496586	191	1504	50	61	44	56	34	44	53	56	47	50	0	0	0	0	0	0	0	0	0
chr31	5p	+	8	146625	102622	101808	145531	496586	226	1191	56	65	58	44	37	33	41	44	39	31	0	0	0	0	0	0	0	0	0
chr31	5p	+	9	146464	102528	102138	145455	496585	250	1014	52	47	58	48	34	34	56	49	37	28	0	0	0	0	0	1	0	0	0
chr31	5p	+	10	146345	103053	101598	145589	496585	297	940	54	62	51	37	31	36	45	70	40	31	0	0	0	0	1	0	0	0	0
chr31	5p	+	11	146607	102513	101377	146088	496585	289	789	37	47	52	48	35	36	50	61	30	36	0	0	0	0	1	0	0	0	0
chr31	5p	+	12	146711	101962	102012	145901	496586	346	785	55	41	55	53	48	41	45	50	30	38	0	0	0	0	0	0	0	0	0
chr31	5p	+	13	146568	102092	102407	145519	496586	372	699	48	49	45	55	36	43	47	52	29	32	0	0	0	0	0	0	0	0	0
chr31	5p	+	14	146277	102284	101927	146098	496586	353	690	53	58	38	42	43	38	52	57	30	30	0	0	0	0	0	0	0	0	0
chr31	5p	+	15	146628	102263	102176	145519	496586	398	689	44	47	49	35	39	31	62	54	33	32	0	0	0	0	0	0	0	0	0
chr31	5p	+	16	146502	102123	102060	145901	496586	432	698	57	54	49	48	36	28	40	55	40	40	0	0	0	0	0	0	0	0	0
chr31	5p	+	17	146277	102311	101729	146268	496585	419	610	71	47	47	48	28	33	44	54	35	43	0	0	0	0	1	0	0	0	0
chr31	5p	+	18	146988	102654	101221	145723	496586	445	600	48	52	61	44	28	34	48	57	33	38	0	0	0	0	0	0	0	0	0
chr31	5p	+	19	146586	102560	101744	145694	496584	476	561	51	45	68	55	49	49	45	57	26	31	0	0	0	0	1	0	0	1	0
chr31	5p	+	20	146180	102713	101988	145705	496586	459	607	50	32	51	45	33	45	56	47	39	21	0	0	0	0	0	0	0	0	0
chr31	5p	+	21	146797	102543	101413	145833	496586	530	522	69	58	54	41	33	32	50	54	37	30	0	0	0	0	0	0	0	0	0
chr31	5p	+	22	146908	102143	101872	145663	496586	495	539	44	69	50	53	26	44	50	52	26	28	0	0	0	0	0	0	0	0	0
chr31	5p	+	23	146581	102293	101778	145934	496586	568	505	58	52	38	60	43	38	51	44	39	39	0	0	0	0	0	0	0	0	0
chr31	5p	+	24	146606	102498	101758	145722	496584	596	500	48	35	40	64	41	40	52	37	47	32	0	0	0	0	0	1	1	0	0
chr31	5p	+	25	146231	102679	102050	145625	496585	645	490	58	65	50	51	27	32	55	60	36	41	0	0	0	0	0	0	0	1	0
chr31	5p	+	26	147108	101488	102024	145966	496586	694	478	73	58	60	58	43	33	42	49	32	35	0	0	0	0	0	0	0	0	0
chr31	5p	+	27	146016	102652	101953	145965	496586	821	504	54	46	44	52	45	32	46	48	28	25	0	0	0	0	0	0	0	0	0
chr31	5p	+	28	147087	102414	101325	145759	496585	992	461	56	60	51	46	42	37	64	52	28	32	0	0	0	0	0	1	0	0	0
chr31	5p	+	29	146990	102371	101671	145554	496586	1314	426	49	54	56	61	42	54	63	52	39	36	0	0	0	0	0	0	0	0	0
chr31	5p	+	30	146711	102577	101797	145500	496585	1871	429	53	53	54	45	42	35	50	48	39	36	0	0	0	0	1	0	0	0	0
chr31	5p	+	31	146650	102614	101437	145885	496586	2644	411	56	44	61	61	38	41	56	52	43	39	0	0	0	0	0	0	0	0	0
chr31	5p	+	32	146534	102346	102127	145579	496586	4043	359	61	50	53	55	35	28	55	57	43	46	0	0	0	0	0	0	0	0	0
chr31	5p	+	33	146431	102366	101482	146307	496586	6728	317	59	49	66	44	45	41	50	48	42	24	0	0	0	0	0	0	0	0	0
chr31	5p	+	34	146573	102338	101533	146142	496586	10780	253	61	49	63	55	36	49	69	62	32	39	0	0	0	0	0	0	0	0	0
chr31	5p	+	35	146251	102534	101026	146300	496111	17699	182	67	54	44	58	40	47	48	61	37	44	0	0	0	0	0	0	0	0	0
chr31	5p	+	36	3	3	3	2	11	1	0	0	0	0	0	0	0	0	0	0	0	0	0	0	0	0	0	0	0	0
chr31	5p	+	37	0	0	0	0	0	0	0	0	0	0	0	0	0	0	0	0	0	0	0	0	0	0	0	0	0	0
chr31	5p	+	38	0	0	0	0	0	0	0	0	0	0	0	0	0	0	0	0	0	0	0	0	0	0	0	0	0	0
chr31	5p	+	39	0	0	0	0	0	0	0	0	0	0	0	0	0	0	0	0	0	0	0	0	0	0	0	0	0	0
chr31	5p	+	40	0	0	0	0	0	0	0	0	0	0	0	0	0	0	0	0	0	0	0	0	0	0	0	0	0	0
chr31	5p	+	41	0	0	0	0	0	0	0	0	0	0	0	0	0	0	0	0	0	0	0	0	0	0	0	0	0	0
chr31	5p	+	42	0	0	0	0	0	0	0	0	0	0	0	0	0	0	0	0	0	0	0	0	0	0	0	0	0	0
chr31	5p	+	43	0	0	0	0	0	0	0	0	0	0	0	0	0	0	0	0	0	0	0	0	0	0	0	0	0	0
chr31	5p	+	44	0	0	0	0	0	0	0	0	0	0	0	0	0	0	0	0	0	0	0	0	0	0	0	0	0	0
chr31	5p	+	45	0	0	0	0	0	0	0	0	0	0	0	0	0	0	0	0	0	0	0	0	0	0	0	0	0	0
chr31	5p	+	46	0	0	0	0	0	0	0	0	0	0	0	0	0	0	0	0	0	0	0	0	0	0	0	0	0	0
chr31	5p	+	47	0	0	0	0	0	0	0	0	0	0	0	0	0	0	0	0	0	0	0	0	0	0	0	0	0	0
chr31	5p	+	48	0	0	0	0	0	0	0	0	0	0	0	0	0	0	0	0	0	0	0	0	0	0	0	0	0	0
chr31	5p	+	49	0	0	0	0	0	0	0	0	0	0	0	0	0	0	0	0	0	0	0	0	0	0	0	0	0	0
chr31	5p	+	50	0	0	0	0	0	0	0	0	0	0	0	0	0	0	0	0	0	0	0	0	0	0	0	0	0	0
chr31	5p	+	51	0	0	0	0	0	0	0	0	0	0	0	0	0	0	0	0	0	0	0	0	0	0	0	0	0	0
chr31	5p	+	52	0	0	0	0	0	0	0	0	0	0	0	0	0	0	0	0	0	0	0	0	0	0	0	0	0	0
chr31	5p	+	53	0	0	0	0	0	0	0	0	0	0	0	0	0	0	0	0	0	0	0	0	0	0	0	0	0	0
chr31	5p	+	54	0	0	0	0	0	0	0	0	0	0	0	0	0	0	0	0	0	0	0	0	0	0	0	0	0	0
chr31	5p	+	55	0	0	0	0	0	0	0	0	0	0	0	0	0	0	0	0	0	0	0	0	0	0	0	0	0	0
chr31	5p	+	56	0	0	0	0	0	0	0	0	0	0	0	0	0	0	0	0	0	0	0	0	0	0	0	0	0	0
chr31	5p	+	57	0	0	0	0	0	0	0	0	0	0	0	0	0	0	0	0	0	0	0	0	0	0	0	0	0	0
chr31	5p	+	58	0	0	0	0	0	0	0	0	0	0	0	0	0	0	0	0	0	0	0	0	0	0	0	0	0	0
chr31	5p	+	59	0	0	0	0	0	0	0	0	0	0	0	0	0	0	0	0	0	0	0	0	0	0	0	0	0	0
chr31	5p	+	60	0	0	0	0	0	0	0	0	0	0	0	0	0	0	0	0	0	0	0	0	0	0	0	0	0	0
chr31	5p	+	61	0	0	0	0	0	0	0	0	0	0	0	0	0	0	0	0	0	0	0	0	0	0	0	0	0	0
chr31	5p	+	62	0	0	0	0	0	0	0	0	0	0	0	0	0	0	0	0	0	0	0	0	0	0	0	0	0	0
chr31	5p	+	63	0	0	0	0	0	0	0	0	0	0	0	0	0	0	0	0	0	0	0	0	0	0	0	0	0	0
chr31	5p	+	64	0	0	0	0	0	0	0	0	0	0	0	0	0	0	0	0	0	0	0	0	0	0	0	0	0	0
chr31	5p	+	65	0	0	0	0	0	0	0	0	0	0	0	0	0	0	0	0	0	0	0	0	0	0	0	0	0	0
chr31	5p	+	66	0	0	0	0	0	0	0	0	0	0	0	0	0	0	0	0	0	0	0	0	0	0	0	0	0	0
chr31	5p	+	67	0	0	0	0	0	0	0	0	0	0	0	0	0	0	0	0	0	0	0	0	0	0	0	0	0	0
chr31	5p	+	68	0	0	0	0	0	0	0	0	0	0	0	0	0	0	0	0	0	0	0	0	0	0	0	0	0	0
chr31	5p	+	69	0	0	0	0	0	0	0	0	0	0	0	0	0	0	0	0	0	0	0	0	0	0	0	0	0	0
chr31	5p	+	70	0	0	0	0	0	0	0	0	0	0	0	0	0	0	0	0	0	0	0	0	0	0	0	0	0	0
chr31	5p	-	1	145750	101760	103089	147426	498025	52	18193	52	40	46	60	34	30	46	54	38	35	0	0	0	0	0	0	0	0	0
chr31	5p	-	2	145889	102018	102674	147444	498025	73	10882	46	51	40	59	37	40	49	42	37	27	0	0	0	0	0	0	0	0	0
chr31	5p	-	3	146455	101752	102822	146996	498025	103	6902	52	41	42	49	24	44	35	56	39	46	0	0	0	0	0	0	0	0	0
chr31	5p	-	4	146065	101797	102731	147432	498025	161	4399	61	61	80	54	40	43	69	69	49	46	0	0	0	0	0	0	0	0	0
chr31	5p	-	5	145627	102154	102714	147530	498025	172	2930	79	88	81	84	41	47	76	73	52	44	0	1	0	0	0	0	0	0	0
chr31	5p	-	6	146287	102070	102790	146878	498025	190	2115	58	53	65	69	38	40	52	47	35	40	0	0	0	0	0	0	0	0	0
chr31	5p	-	7	146462	102664	102362	146535	498023	200	1523	46	44	56	47	51	41	51	40	46	36	0	0	1	0	1	1	0	0	0
chr31	5p	-	8	146163	102529	102545	146788	498025	266	1167	48	57	58	54	44	37	49	44	26	36	0	0	0	0	0	0	0	0	0
chr31	5p	-	9	146608	102350	102384	146681	498023	274	1008	61	50	54	50	34	41	54	44	25	25	0	0	0	0	1	1	0	0	0
chr31	5p	-	10	146106	102314	102837	146768	498025	296	892	50	40	51	49	44	33	43	55	31	40	0	0	0	0	0	0	0	0	0
chr31	5p	-	11	146658	101939	102588	146840	498025	329	819	50	53	47	42	35	23	58	53	42	38	0	0	0	0	0	0	0	0	0
chr31	5p	-	12	145881	102378	102944	146822	498025	326	737	47	38	41	46	31	32	49	54	30	36	0	0	0	0	0	0	0	0	0
chr31	5p	-	13	146103	102648	102403	146871	498025	364	736	40	50	44	51	36	40	39	47	37	35	0	0	0	0	0	0	0	0	0
chr31	5p	-	14	146230	102410	102645	146740	498025	386	691	42	52	48	55	40	38	47	53	29	32	0	0	0	0	0	0	0	0	0
chr31	5p	-	15	146063	102796	102721	146445	498025	387	638	47	56	61	63	51	37	55	49	30	33	0	0	0	0	0	0	0	0	0
chr31	5p	-	16	146735	101600	102391	147299	498025	429	672	46	60	56	59	42	27	53	48	36	33	0	0	0	0	0	0	0	0	0
chr31	5p	-	17	145962	102686	102987	146389	498024	471	654	44	57	46	47	44	32	50	61	32	39	0	0	0	0	0	0	1	0	0
chr31	5p	-	18	146182	102137	102271	147433	498023	455	596	46	54	56	54	37	32	60	43	32	34	0	0	0	0	0	1	1	0	0
chr31	5p	-	19	146035	102562	102458	146970	498025	501	600	44	61	47	54	28	27	58	47	35	34	0	0	0	0	0	0	0	0	0
chr31	5p	-	20	145838	102543	102438	147206	498025	487	550	52	47	51	41	42	31	55	67	30	42	0	0	0	0	0	0	0	0	0
chr31	5p	-	21	146146	101457	102937	147485	498025	531	542	59	61	57	52	32	41	40	54	30	45	0	0	0	0	0	0	0	0	0
chr31	5p	-	22	145520	102591	102436	147478	498025	533	541	50	52	42	40	42	41	54	47	36	34	0	0	0	0	0	0	0	0	0
chr31	5p	-	23	146053	102510	102138	147324	498025	523	547	47	55	49	53	29	47	41	43	40	38	0	0	0	0	0	0	0	0	0
chr31	5p	-	24	146451	102198	102087	147289	498025	613	542	67	49	53	51	38	49	47	59	29	35	0	0	0	0	0	0	0	0	0
chr31	5p	-	25	146521	102215	102576	146713	498025	631	462	55	48	56	48	41	34	43	63	38	44	0	0	0	0	0	0	0	0	0
chr31	5p	-	26	146181	101863	102878	147103	498025	726	462	52	59	59	59	33	40	52	63	53	35	0	0	0	0	0	0	0	0	0
chr31	5p	-	27	145874	102658	102406	147086	498024	805	487	60	64	56	54	45	33	66	48	31	36	0	0	0	0	0	1	0	0	0
chr31	5p	-	28	145987	102363	102512	147163	498025	1024	421	41	62	59	47	32	38	65	58	40	41	0	0	0	0	0	0	0	0	0
chr31	5p	-	29	145868	102810	102375	146972	498025	1232	445	59	50	54	56	31	41	58	55	35	28	0	0	0	0	0	0	0	0	0
chr31	5p	-	30	146007	102540	102164	147314	498025	1825	399	50	61	74	59	37	52	48	44	42	42	0	0	0	0	0	0	0	0	0
chr31	5p	-	31	145925	102078	102686	147336	498025	2703	377	62	48	57	47	35	51	56	62	48	41	0	0	0	0	0	0	0	0	0
chr31	5p	-	32	146072	102400	102652	146901	498025	4170	380	69	52	52	39	43	38	53	63	36	47	0	0	0	0	0	0	0	0	0
chr31	5p	-	33	145871	102876	102277	147001	498025	6576	319	57	58	65	57	40	37	54	45	45	28	0	0	0	0	0	0	0	0	0
chr31	5p	-	34	146353	102184	102098	147390	498025	10943	254	59	52	60	50	37	32	68	68	42	42	0	0	0	0	0	0	0	0	0
chr31	5p	-	35	146285	102461	101538	147240	497524	17895	188	64	56	53	57	30	33	54	77	39	39	0	0	0	0	0	0	0	0	0
chr31	5p	-	36	4	4	1	3	12	0	0	0	0	0	0	0	0	0	0	0	0	0	0	0	0	0	0	0	0	0
chr31	5p	-	37	0	0	1	0	1	0	0	0	0	0	0	0	0	0	0	0	0	0	0	0	0	0	0	0	0	0
chr31	5p	-	38	0	0	0	0	0	0	0	0	0	0	0	0	0	0	0	0	0	0	0	0	0	0	0	0	0	0
chr31	5p	-	39	0	0	0	0	0	0	0	0	0	0	0	0	0	0	0	0	0	0	0	0	0	0	0	0	0	0
chr31	5p	-	40	0	0	0	0	0	0	0	0	0	0	0	0	0	0	0	0	0	0	0	0	0	0	0	0	0	0
chr31	5p	-	41	0	0	0	0	0	0	0	0	0	0	0	0	0	0	0	0	0	0	0	0	0	0	0	0	0	0
chr31	5p	-	42	0	0	0	0	0	0	0	0	0	0	0	0	0	0	0	0	0	0	0	0	0	0	0	0	0	0
chr31	5p	-	43	0	0	0	0	0	0	0	0	0	0	0	0	0	0	0	0	0	0	0	0	0	0	0	0	0	0
chr31	5p	-	44	0	0	0	0	0	0	0	0	0	0	0	0	0	0	0	0	0	0	0	0	0	0	0	0	0	0
chr31	5p	-	45	0	0	0	0	0	0	0	0	0	0	0	0	0	0	0	0	0	0	0	0	0	0	0	0	0	0
chr31	5p	-	46	0	0	0	0	0	0	0	0	0	0	0	0	0	0	0	0	0	0	0	0	0	0	0	0	0	0
chr31	5p	-	47	0	0	0	0	0	0	0	0	0	0	0	0	0	0	0	0	0	0	0	0	0	0	0	0	0	0
chr31	5p	-	48	0	0	0	0	0	0	0	0	0	0	0	0	0	0	0	0	0	0	0	0	0	0	0	0	0	0
chr31	5p	-	49	0	0	0	0	0	0	0	0	0	0	0	0	0	0	0	0	0	0	0	0	0	0	0	0	0	0
chr31	5p	-	50	0	0	0	0	0	0	0	0	0	0	0	0	0	0	0	0	0	0	0	0	0	0	0	0	0	0
chr31	5p	-	51	0	0	0	0	0	0	0	0	0	0	0	0	0	0	0	0	0	0	0	0	0	0	0	0	0	0
chr31	5p	-	52	0	0	0	0	0	0	0	0	0	0	0	0	0	0	0	0	0	0	0	0	0	0	0	0	0	0
chr31	5p	-	53	0	0	0	0	0	0	0	0	0	0	0	0	0	0	0	0	0	0	0	0	0	0	0	0	0	0
chr31	5p	-	54	0	0	0	0	0	0	0	0	0	0	0	0	0	0	0	0	0	0	0	0	0	0	0	0	0	0
chr31	5p	-	55	0	0	0	0	0	0	0	0	0	0	0	0	0	0	0	0	0	0	0	0	0	0	0	0	0	0
chr31	5p	-	56	0	0	0	0	0	0	0	0	0	0	0	0	0	0	0	0	0	0	0	0	0	0	0	0	0	0
chr31	5p	-	57	0	0	0	0	0	0	0	0	0	0	0	0	0	0	0	0	0	0	0	0	0	0	0	0	0	0
chr31	5p	-	58	0	0	0	0	0	0	0	0	0	0	0	0	0	0	0	0	0	0	0	0	0	0	0	0	0	0
chr31	5p	-	59	0	0	0	0	0	0	0	0	0	0	0	0	0	0	0	0	0	0	0	0	0	0	0	0	0	0
chr31	5p	-	60	0	0	0	0	0	0	0	0	0	0	0	0	0	0	0	0	0	0	0	0	0	0	0	0	0	0
chr31	5p	-	61	0	0	0	0	0	0	0	0	0	0	0	0	0	0	0	0	0	0	0	0	0	0	0	0	0	0
chr31	5p	-	62	0	0	0	0	0	0	0	0	0	0	0	0	0	0	0	0	0	0	0	0	0	0	0	0	0	0
chr31	5p	-	63	0	0	0	0	0	0	0	0	0	0	0	0	0	0	0	0	0	0	0	0	0	0	0	0	0	0
chr31	5p	-	64	0	0	0	0	0	0	0	0	0	0	0	0	0	0	0	0	0	0	0	0	0	0	0	0	0	0
chr31	5p	-	65	0	0	0	0	0	0	0	0	0	0	0	0	0	0	0	0	0	0	0	0	0	0	0	0	0	0
chr31	5p	-	66	0	0	0	0	0	0	0	0	0	0	0	0	0	0	0	0	0	0	0	0	0	0	0	0	0	0
chr31	5p	-	67	0	0	0	0	0	0	0	0	0	0	0	0	0	0	0	0	0	0	0	0	0	0	0	0	0	0
chr31	5p	-	68	0	0	0	0	0	0	0	0	0	0	0	0	0	0	0	0	0	0	0	0	0	0	0	0	0	0
chr31	5p	-	69	0	0	0	0	0	0	0	0	0	0	0	0	0	0	0	0	0	0	0	0	0	0	0	0	0	0
chr31	5p	-	70	0	0	0	0	0	0	0	0	0	0	0	0	0	0	0	0	0	0	0	0	0	0	0	0	0	0
