# table produced by mapDamage version 2.0.8-dirty
# using mapped file out/aln.bam and data/endo/horse_chrom31.fa as reference file
# Chr: reference from sam/bam header, End: from which termini of DNA sequences, Std: strand of reads
Chr	End	Std	Pos	A	C	G	T	Total	G>A	C>T	A>G	T>C	A>C	A>T	C>G	C>A	T>G	T>A	G>C	G>T	A>-	T>-	C>-	G>-	->A	->T	->C	->G	S
chr31	3p	+	1	14745	10362	10306	14851	50264	1855	19	2	6	5	3	2	7	5	7	3	2	0	0	0	0	0	0	0	0	0
chr31	3p	+	2	14730	10282	10445	14807	50264	1085	26	4	6	3	2	9	4	6	3	0	1	0	0	0	0	0	0	0	0	0
chr31	3p	+	3	14679	10559	10293	14733	50264	609	40	9	7	6	4	3	4	2	7	7	5	0	0	0	0	0	0	0	0	0
chr31	3p	+	4	14770	10256	10298	14940	50264	422	29	9	5	8	5	2	6	3	5	1	6	0	0	0	0	0	0	0	0	0
chr31	3p	+	5	14920	10149	10395	14800	50264	262	45	6	8	5	6	1	2	11	6	1	1	0	0	0	0	0	0	0	0	0
chr31	3p	+	6	14822	10278	10260	14904	50264	171	35	4	4	2	6	3	6	4	6	3	5	0	0	0	0	0	0	0	0	0
chr31	3p	+	7	14946	10337	10345	14636	50264	126	41	3	2	3	6	2	3	4	2	5	1	0	0	0	0	0	0	0	0	0
chr31	3p	+	8	14851	10313	10438	14662	50264	106	47	4	6	3	6	4	4	4	3	5	3	0	0	0	0	0	0	0	0	0
chr31	3p	+	9	14721	10249	10513	14781	50264	86	42	1	4	7	9	2	6	6	4	4	2	0	0	0	0	0	0	0	0	0
chr31	3p	+	10	14837	10334	10251	14842	50264	59	56	5	7	5	2	4	4	10	7	3	1	0	0	0	0	0	0	0	0	0
chr31	3p	+	11	14903	10294	10231	14836	50264	52	39	5	3	5	2	5	1	9	14	2	6	0	0	0	0	0	0	0	0	0
chr31	3p	+	12	14959	10480	10315	14510	50264	46	44	3	5	4	4	2	7	9	5	3	7	0	0	0	0	0	0	0	0	0
chr31	3p	+	13	14992	10281	10146	14845	50264	88	71	6	5	6	3	5	2	7	2	3	3	0	0	0	0	0	0	0	0	0
chr31	3p	+	14	14793	10492	10356	14623	50264	55	45	4	6	3	9	3	4	6	5	6	4	0	0	0	0	0	0	0	0	0
chr31	3p	+	15	14653	10402	10297	14912	50264	48	65	5	7	6	3	2	3	7	3	7	1	0	0	0	0	0	0	0	0	0
chr31	3p	+	16	14850	10340	10419	14654	50263	62	63	4	9	5	6	4	3	10	4	2	5	0	0	0	0	0	0	0	1	0
chr31	3p	+	17	14959	10273	10355	14677	50264	34	48	3	8	4	1	4	5	7	5	3	2	0	0	0	0	0	0	0	0	0
chr31	3p	+	18	14928	10481	10211	14644	50264	54	73	4	3	5	6	3	5	10	4	4	3	0	0	0	0	0	0	0	0	0
chr31	3p	+	19	14803	10439	10313	14709	50264	36	44	8	4	10	7	4	2	5	12	4	2	0	0	0	0	0	0	0	0	0
chr31	3p	+	20	14858	10403	10311	14692	50264	42	61	5	3	4	4	1	5	6	5	2	2	0	0	0	0	0	0	0	0	0
chr31	3p	+	21	14829	10420	10254	14761	50264	29	64	5	3	8	1	5	5	5	7	2	5	0	0	0	0	0	0	0	0	0
chr31	3p	+	22	14915	10414	10305	14630	50264	39	71	3	3	5	7	5	6	9	5	5	3	0	0	0	0	0	0	0	0	0
chr31	3p	+	23	14896	10458	10525	14385	50264	35	91	7	6	3	5	9	4	6	3	3	1	0	0	0	0	0	0	0	0	0
chr31	3p	+	24	14745	10279	10426	14814	50264	36	67	4	6	5	3	4	2	11	7	2	1	0	0	0	0	0	0	0	0	0
chr31	3p	+	25	14770	10392	10537	14565	50264	31	74	3	4	5	3	6	2	6	4	3	6	0	0	0	0	0	0	0	0	0
chr31	3p	+	26	14750	10375	10320	14819	50264	25	78	5	10	9	1	5	8	4	7	2	2	0	0	0	0	0	0	0	0	0
chr31	3p	+	27	14933	10251	10260	14820	50264	27	89	8	4	3	6	5	3	4	5	8	1	0	0	0	0	0	0	0	0	0
chr31	3p	+	28	14850	10384	10496	14534	50264	32	127	3	7	5	4	2	9	4	1	3	5	0	0	0	0	0	0	0	0	0
chr31	3p	+	29	14928	10208	10205	14923	50264	18	177	8	3	8	9	4	3	6	3	3	5	0	0	0	0	0	0	0	0	0
chr31	3p	+	30	14762	10519	10260	14723	50264	21	206	5	5	6	7	4	3	6	4	3	3	0	0	0	0	0	0	0	0	0
chr31	3p	+	31	15088	10373	10267	14536	50264	17	288	5	9	10	15	4	6	7	12	4	2	0	0	0	0	0	0	0	0	0
chr31	3p	+	32	14862	10360	10309	14733	50264	18	443	5	5	5	2	7	2	5	7	6	1	0	0	0	0	0	0	0	0	0
chr31	3p	+	33	14720	10307	10447	14790	50264	11	682	4	4	3	3	2	8	6	9	4	2	0	0	0	0	0	0	0	0	0
chr31	3p	+	34	14799	10271	10402	14792	50264	3	1064	4	8	8	10	3	1	3	3	3	7	0	0	0	0	0	0	0	0	0
chr31	3p	+	35	14875	10259	10279	14796	50209	2	1775	7	2	1	4	2	4	5	3	7	4	0	0	0	0	0	0	0	0	0
chr31	3p	+	36	0	0	0	1	1	0	0	0	0	0	0	0	0	0	0	0	0	0	0	0	0	0	0	0	0	0
chr31	3p	+	37	0	0	0	0	0	0	0	0	0	0	0	0	0	0	0	0	0	0	0	0	0	0	0	0	0	0
chr31	3p	+	38	0	0	0	0	0	0	0	0	0	0	0	0	0	0	0	0	0	0	0	0	0	0	0	0	0	0
chr31	3p	+	39	0	0	0	0	0	0	0	0	0	0	0	0	0	0	0	0	0	0	0	0	0	0	0	0	0	0
chr31	3p	+	40	0	0	0	0	0	0	0	0	0	0	0	0	0	0	0	0	0	0	0	0	0	0	0	0	0	0
chr31	3p	+	41	0	0	0	0	0	0	0	0	0	0	0	0	0	0	0	0	0	0	0	0	0	0	0	0	0	0
chr31	3p	+	42	0	0	0	0	0	0	0	0	0	0	0	0	0	0	0	0	0	0	0	0	0	0	0	0	0	0
chr31	3p	+	43	0	0	0	0	0	0	0	0	0	0	0	0	0	0	0	0	0	0	0	0	0	0	0	0	0	0
chr31	3p	+	44	0	0	0	0	0	0	0	0	0	0	0	0	0	0	0	0	0	0	0	0	0	0	0	0	0	0
chr31	3p	+	45	0	0	0	0	0	0	0	0	0	0	0	0	0	0	0	0	0	0	0	0	0	0	0	0	0	0
chr31	3p	+	46	0	0	0	0	0	0	0	0	0	0	0	0	0	0	0	0	0	0	0	0	0	0	0	0	0	0
chr31	3p	+	47	0	0	0	0	0	0	0	0	0	0	0	0	0	0	0	0	0	0	0	0	0	0	0	0	0	0
chr31	3p	+	48	0	0	0	0	0	0	0	0	0	0	0	0	0	0	0	0	0	0	0	0	0	0	0	0	0	0
chr31	3p	+	49	0	0	0	0	0	0	0	0	0	0	0	0	0	0	0	0	0	0	0	0	0	0	0	0	0	0
chr31	3p	+	50	0	0	0	0	0	0	0	0	0	0	0	0	0	0	0	0	0	0	0	0	0	0	0	0	0	0
chr31	3p	+	51	0	0	0	0	0	0	0	0	0	0	0	0	0	0	0	0	0	0	0	0	0	0	0	0	0	0
chr31	3p	+	52	0	0	0	0	0	0	0	0	0	0	0	0	0	0	0	0	0	0	0	0	0	0	0	0	0	0
chr31	3p	+	53	0	0	0	0	0	0	0	0	0	0	0	0	0	0	0	0	0	0	0	0	0	0	0	0	0	0
chr31	3p	+	54	0	0	0	0	0	0	0	0	0	0	0	0	0	0	0	0	0	0	0	0	0	0	0	0	0	0
chr31	3p	+	55	0	0	0	0	0	0	0	0	0	0	0	0	0	0	0	0	0	0	0	0	0	0	0	0	0	0
chr31	3p	+	56	0	0	0	0	0	0	0	0	0	0	0	0	0	0	0	0	0	0	0	0	0	0	0	0	0	0
chr31	3p	+	57	0	0	0	0	0	0	0	0	0	0	0	0	0	0	0	0	0	0	0	0	0	0	0	0	0	0
chr31	3p	+	58	0	0	0	0	0	0	0	0	0	0	0	0	0	0	0	0	0	0	0	0	0	0	0	0	0	0
chr31	3p	+	59	0	0	0	0	0	0	0	0	0	0	0	0	0	0	0	0	0	0	0	0	0	0	0	0	0	0
chr31	3p	+	60	0	0	0	0	0	0	0	0	0	0	0	0	0	0	0	0	0	0	0	0	0	0	0	0	0	0
chr31	3p	+	61	0	0	0	0	0	0	0	0	0	0	0	0	0	0	0	0	0	0	0	0	0	0	0	0	0	0
chr31	3p	+	62	0	0	0	0	0	0	0	0	0	0	0	0	0	0	0	0	0	0	0	0	0	0	0	0	0	0
chr31	3p	+	63	0	0	0	0	0	0	0	0	0	0	0	0	0	0	0	0	0	0	0	0	0	0	0	0	0	0
chr31	3p	+	64	0	0	0	0	0	0	0	0	0	0	0	0	0	0	0	0	0	0	0	0	0	0	0	0	0	0
chr31	3p	+	65	0	0	0	0	0	0	0	0	0	0	0	0	0	0	0	0	0	0	0	0	0	0	0	0	0	0
chr31	3p	+	66	0	0	0	0	0	0	0	0	0	0	0	0	0	0	0	0	0	0	0	0	0	0	0	0	0	0
chr31	3p	+	67	0	0	0	0	0	0	0	0	0	0	0	0	0	0	0	0	0	0	0	0	0	0	0	0	0	0
chr31	3p	+	68	0	0	0	0	0	0	0	0	0	0	0	0	0	0	0	0	0	0	0	0	0	0	0	0	0	0
chr31	3p	+	69	0	0	0	0	0	0	0	0	0	0	0	0	0	0	0	0	0	0	0	0	0	0	0	0	0	0
chr31	3p	+	70	0	0	0	0	0	0	0	0	0	0	0	0	0	0	0	0	0	0	0	0	0	0	0	0	0	0
chr31	3p	-	1	14513	10215	10288	14720	49736	1861	23	3	3	5	6	4	3	5	7	3	5	0	0	0	0	0	0	0	0	0
chr31	3p	-	2	14670	10200	10171	14695	49736	1074	23	6	9	16	7	3	6	10	10	4	6	0	0	0	0	0	0	0	0	0
chr31	3p	-	3	14758	10263	10233	14482	49736	681	27	6	7	2	5	3	3	2	12	4	5	0	0	0	0	0	0	0	0	0
chr31	3p	-	4	14787	10187	10060	14702	49736	395	38	1	6	4	10	5	5	6	9	3	3	0	0	0	0	0	0	0	0	0
chr31	3p	-	5	14573	10225	10265	14673	49736	272	34	5	3	5	3	4	2	3	4	2	3	0	0	0	0	0	0	0	0	0
chr31	3p	-	6	14567	10172	10260	14737	49736	157	39	1	2	10	1	6	4	5	3	4	4	0	0	0	0	0	0	0	0	0
chr31	3p	-	7	14486	10206	10315	14729	49736	130	40	4	5	2	4	2	3	4	7	4	5	0	0	0	0	0	0	0	0	0
chr31	3p	-	8	14588	10140	10263	14745	49736	109	51	5	12	7	5	8	2	4	3	5	3	0	0	0	0	0	0	0	0	0
chr31	3p	-	9	14530	10206	10114	14886	49736	83	58	10	9	4	8	6	1	1	3	3	3	0	0	0	0	0	0	0	0	0
chr31	3p	-	10	14453	10322	10131	14830	49736	46	41	4	7	5	7	5	4	9	4	3	2	0	0	0	0	0	0	0	0	0
chr31	3p	-	11	14589	10171	10328	14648	49736	55	51	6	5	5	3	4	9	6	13	4	1	0	0	0	0	0	0	0	0	0
chr31	3p	-	12	14594	10106	10265	14771	49736	53	47	3	3	6	0	2	6	6	2	3	6	0	0	0	0	0	0	0	0	0
chr31	3p	-	13	14646	10142	10025	14923	49736	55	47	4	6	5	5	3	3	5	6	6	4	0	0	0	0	0	0	0	0	0
chr31	3p	-	14	14639	10247	10109	14741	49736	49	58	3	9	6	6	3	6	7	6	0	1	0	0	0	0	0	0	0	0	0
chr31	3p	-	15	14753	10092	10270	14621	49736	53	56	7	5	1	6	3	1	4	5	5	2	0	0	0	0	0	0	0	0	0
chr31	3p	-	16	14655	10198	10316	14567	49736	44	49	4	6	3	11	2	5	6	4	4	5	0	0	0	0	0	0	0	0	0
chr31	3p	-	17	14663	10198	10264	14611	49736	52	66	7	6	8	5	7	2	6	3	1	1	0	0	0	0	0	0	0	0	0
chr31	3p	-	18	14779	10154	10227	14576	49736	47	52	4	2	9	5	6	2	8	4	6	6	0	0	0	0	0	0	0	0	0
chr31	3p	-	19	14639	10153	10315	14629	49736	29	45	5	5	10	2	4	4	4	2	1	5	0	0	0	0	0	0	0	0	0
chr31	3p	-	20	14662	10174	10087	14813	49736	39	57	5	8	6	6	1	3	5	7	3	3	0	0	0	0	0	0	0	0	0
chr31	3p	-	21	14461	10136	10183	14956	49736	40	68	3	3	2	2	2	3	4	3	0	1	0	0	0	0	0	0	0	0	0
chr31	3p	-	22	14318	10264	10126	15028	49736	30	58	4	10	7	5	2	4	5	4	2	3	0	0	0	0	0	0	0	0	0
chr31	3p	-	23	14579	10152	10326	14679	49736	42	62	3	5	5	5	2	4	6	6	5	5	0	0	0	0	0	0	0	0	0
chr31	3p	-	24	14656	10285	10213	14582	49736	47	79	4	2	5	3	7	2	6	5	4	3	0	0	0	0	0	0	0	0	0
chr31	3p	-	25	14561	10193	10229	14753	49736	26	71	6	6	8	7	2	2	6	6	8	3	0	0	0	0	0	0	0	0	0
chr31	3p	-	26	14549	10090	10296	14801	49736	28	96	7	5	4	3	3	10	7	7	3	4	0	0	0	0	0	0	0	0	0
chr31	3p	-	27	14621	10142	10325	14648	49736	19	95	7	4	3	4	2	2	6	8	6	5	0	0	0	0	0	0	0	0	0
chr31	3p	-	28	14581	10160	10142	14853	49736	21	103	4	4	4	6	3	8	7	4	2	4	0	0	0	0	0	0	0	0	0
chr31	3p	-	29	14611	10081	10317	14727	49736	23	140	3	4	7	4	4	3	4	5	3	1	0	0	0	0	0	0	0	0	0
chr31	3p	-	30	14490	10264	10362	14620	49736	20	206	4	7	13	4	4	3	7	3	5	4	0	0	0	0	0	0	0	0	0
chr31	3p	-	31	14537	10247	10296	14656	49736	10	276	5	10	3	6	9	3	8	10	5	10	0	0	0	0	0	0	0	0	0
chr31	3p	-	32	14532	10117	10222	14865	49736	5	439	8	6	7	8	1	8	2	7	2	6	0	0	0	0	0	0	0	0	0
chr31	3p	-	33	14680	10199	10293	14564	49736	8	700	6	3	10	4	3	4	7	3	9	3	0	0	0	0	0	0	0	0	0
chr31	3p	-	34	14803	10208	10249	14476	49736	13	1067	6	6	3	5	2	1	9	4	2	3	0	0	0	0	0	0	0	0	0
chr31	3p	-	35	14565	10193	10182	14751	49691	9	1844	2	1	3	5	3	2	1	4	2	1	0	0	0	0	0	0	0	0	0
chr31	3p	-	36	0	0	0	0	0	0	0	0	0	0	0	0	0	0	0	0	0	0	0	0	0	0	0	0	0	0
chr31	3p	-	37	0	0	0	0	0	0	0	0	0	0	0	0	0	0	0	0	0	0	0	0	0	0	0	0	0	0
chr31	3p	-	38	0	0	0	0	0	0	0	0	0	0	0	0	0	0	0	0	0	0	0	0	0	0	0	0	0	0
chr31	3p	-	39	0	0	0	0	0	0	0	0	0	0	0	0	0	0	0	0	0	0	0	0	0	0	0	0	0	0
chr31	3p	-	40	0	0	0	0	0	0	0	0	0	0	0	0	0	0	0	0	0	0	0	0	0	0	0	0	0	0
chr31	3p	-	41	0	0	0	0	0	0	0	0	0	0	0	0	0	0	0	0	0	0	0	0	0	0	0	0	0	0
chr31	3p	-	42	0	0	0	0	0	0	0	0	0	0	0	0	0	0	0	0	0	0	0	0	0	0	0	0	0	0
chr31	3p	-	43	0	0	0	0	0	0	0	0	0	0	0	0	0	0	0	0	0	0	0	0	0	0	0	0	0	0
chr31	3p	-	44	0	0	0	0	0	0	0	0	0	0	0	0	0	0	0	0	0	0	0	0	0	0	0	0	0	0
chr31	3p	-	45	0	0	0	0	0	0	0	0	0	0	0	0	0	0	0	0	0	0	0	0	0	0	0	0	0	0
chr31	3p	-	46	0	0	0	0	0	0	0	0	0	0	0	0	0	0	0	0	0	0	0	0	0	0	0	0	0	0
chr31	3p	-	47	0	0	0	0	0	0	0	0	0	0	0	0	0	0	0	0	0	0	0	0	0	0	0	0	0	0
chr31	3p	-	48	0	0	0	0	0	0	0	0	0	0	0	0	0	0	0	0	0	0	0	0	0	0	0	0	0	0
chr31	3p	-	49	0	0	0	0	0	0	0	0	0	0	0	0	0	0	0	0	0	0	0	0	0	0	0	0	0	0
chr31	3p	-	50	0	0	0	0	0	0	0	0	0	0	0	0	0	0	0	0	0	0	0	0	0	0	0	0	0	0
chr31	3p	-	51	0	0	0	0	0	0	0	0	0	0	0	0	0	0	0	0	0	0	0	0	0	0	0	0	0	0
chr31	3p	-	52	0	0	0	0	0	0	0	0	0	0	0	0	0	0	0	0	0	0	0	0	0	0	0	0	0	0
chr31	3p	-	53	0	0	0	0	0	0	0	0	0	0	0	0	0	0	0	0	0	0	0	0	0	0	0	0	0	0
chr31	3p	-	54	0	0	0	0	0	0	0	0	0	0	0	0	0	0	0	0	0	0	0	0	0	0	0	0	0	0
chr31	3p	-	55	0	0	0	0	0	0	0	0	0	0	0	0	0	0	0	0	0	0	0	0	0	0	0	0	0	0
chr31	3p	-	56	0	0	0	0	0	0	0	0	0	0	0	0	0	0	0	0	0	0	0	0	0	0	0	0	0	0
chr31	3p	-	57	0	0	0	0	0	0	0	0	0	0	0	0	0	0	0	0	0	0	0	0	0	0	0	0	0	0
chr31	3p	-	58	0	0	0	0	0	0	0	0	0	0	0	0	0	0	0	0	0	0	0	0	0	0	0	0	0	0
chr31	3p	-	59	0	0	0	0	0	0	0	0	0	0	0	0	0	0	0	0	0	0	0	0	0	0	0	0	0	0
chr31	3p	-	60	0	0	0	0	0	0	0	0	0	0	0	0	0	0	0	0	0	0	0	0	0	0	0	0	0	0
chr31	3p	-	61	0	0	0	0	0	0	0	0	0	0	0	0	0	0	0	0	0	0	0	0	0	0	0	0	0	0
chr31	3p	-	62	0	0	0	0	0	0	0	0	0	0	0	0	0	0	0	0	0	0	0	0	0	0	0	0	0	0
chr31	3p	-	63	0	0	0	0	0	0	0	0	0	0	0	0	0	0	0	0	0	0	0	0	0	0	0	0	0	0
chr31	3p	-	64	0	0	0	0	0	0	0	0	0	0	0	0	0	0	0	0	0	0	0	0	0	0	0	0	0	0
chr31	3p	-	65	0	0	0	0	0	0	0	0	0	0	0	0	0	0	0	0	0	0	0	0	0	0	0	0	0	0
chr31	3p	-	66	0	0	0	0	0	0	0	0	0	0	0	0	0	0	0	0	0	0	0	0	0	0	0	0	0	0
chr31	3p	-	67	0	0	0	0	0	0	0	0	0	0	0	0	0	0	0	0	0	0	0	0	0	0	0	0	0	0
chr31	3p	-	68	0	0	0	0	0	0	0	0	0	0	0	0	0	0	0	0	0	0	0	0	0	0	0	0	0	0
chr31	3p	-	69	0	0	0	0	0	0	0	0	0	0	0	0	0	0	0	0	0	0	0	0	0	0	0	0	0	0
chr31	3p	-	70	0	0	0	0	0	0	0	0	0	0	0	0	0	0	0	0	0	0	0	0	0	0	0	0	0	0
chr31	5p	+	1	14887	10271	10290	14816	50264	2	1776	7	2	1	4	2	4	5	3	7	4	0	0	0	0	0	0	0	0	0
chr31	5p	+	2	14797	10271	10398	14798	50264	3	1065	4	8	8	10	3	1	3	3	3	7	0	0	0	0	0	0	0	0	0
chr31	5p	+	3	14724	10307	10450	14783	50264	11	680	4	4	3	3	2	8	6	9	4	2	0	0	0	0	0	0	0	0	0
chr31	5p	+	4	14869	10360	10306	14729	50264	18	443	5	5	5	2	7	2	5	7	6	1	0	0	0	0	0	0	0	0	0
chr31	5p	+	5	15084	10370	10270	14540	50264	17	288	5	9	10	15	4	6	7	12	4	2	0	0	0	0	0	0	0	0	0
chr31	5p	+	6	14765	10517	10259	14723	50264	21	206	5	5	6	7	4	3	6	4	3	3	0	0	0	0	0	0	0	0	0
chr31	5p	+	7	14925	10212	10205	14922	50264	18	177	8	3	8	9	4	3	6	3	3	5	0	0	0	0	0	0	0	0	0
chr31	5p	+	8	14845	10384	10501	14534	50264	32	128	3	7	5	4	2	9	4	1	3	5	0	0	0	0	0	0	0	0	0
chr31	5p	+	9	14936	10252	10259	14817	50264	27	88	8	4	3	6	5	3	5	5	8	1	0	0	0	0	0	0	0	0	0
chr31	5p	+	10	14748	10373	10321	14822	50264	25	78	5	10	9	1	5	8	3	7	2	2	0	0	0	0	0	0	0	0	0
chr31	5p	+	11	14770	10392	10537	14565	50264	31	74	3	4	5	3	6	2	6	4	3	6	0	0	0	0	0	0	0	0	0
chr31	5p	+	12	14747	10283	10421	14813	50264	36	68	4	6	5	3	4	2	11	7	2	1	0	0	0	0	0	0	0	0	0
chr31	5p	+	13	14897	10451	10526	14390	50264	35	90	7	6	3	5	9	4	6	3	3	1	0	0	0	0	0	0	0	0	0
chr31	5p	+	14	14917	10415	10301	14631	50264	39	71	3	3	5	7	5	6	9	5	5	3	0	0	0	0	0	0	0	0	0
chr31	5p	+	15	14827	10423	10260	14754	50264	29	65	6	3	8	1	5	5	5	7	2	5	0	0	0	0	0	0	0	0	0
chr31	5p	+	16	14861	10407	10308	14688	50264	42	60	4	3	4	4	1	5	6	5	2	2	0	0	0	0	0	0	0	0	0
chr31	5p	+	17	14796	10439	10316	14713	50264	36	44	8	4	10	7	4	2	5	12	4	2	0	0	0	0	0	0	0	0	0
chr31	5p	+	18	14939	10474	10207	14644	50264	54	73	4	3	5	6	3	5	10	4	4	3	0	0	0	0	0	0	0	0	0
chr31	5p	+	19	14950	10274	10361	14679	50264	34	48	3	8	4	1	4	5	7	5	3	2	0	0	0	0	0	0	0	0	0
chr31	5p	+	20	14854	10343	10412	14655	50264	62	63	4	9	5	6	4	3	10	4	2	5	0	0	0	0	0	0	0	0	0
chr31	5p	+	21	14650	10402	10299	14912	50263	48	65	5	7	6	3	2	3	7	3	7	1	0	0	0	0	0	0	0	1	0
chr31	5p	+	22	14798	10490	10359	14617	50264	55	45	4	6	3	9	3	4	6	5	6	4	0	0	0	0	0	0	0	0	0
chr31	5p	+	23	14991	10276	10144	14853	50264	88	71	6	5	6	3	5	2	7	2	3	3	0	0	0	0	0	0	0	0	0
chr31	5p	+	24	14959	10488	10316	14501	50264	46	44	3	5	4	4	2	7	9	5	3	7	0	0	0	0	0	0	0	0	0
chr31	5p	+	25	14903	10291	10234	14836	50264	52	39	5	3	5	2	5	1	9	14	2	6	0	0	0	0	0	0	0	0	0
chr31	5p	+	26	14835	10333	10249	14847	50264	59	56	5	7	5	2	4	4	10	7	3	1	0	0	0	0	0	0	0	0	0
chr31	5p	+	27	14720	10249	10513	14782	50264	86	42	1	4	7	9	2	6	6	4	4	2	0	0	0	0	0	0	0	0	0
chr31	5p	+	28	14855	10311	10436	14662	50264	106	47	4	6	3	6	4	4	4	3	5	3	0	0	0	0	0	0	0	0	0
chr31	5p	+	29	14944	10341	10346	14633	50264	127	41	3	2	3	6	2	3	4	2	5	1	0	0	0	0	0	0	0	0	0
chr31	5p	+	30	14822	10275	10264	14903	50264	170	35	4	4	2	6	3	6	4	6	3	5	0	0	0	0	0	0	0	0	0
chr31	5p	+	31	14921	10146	10393	14804	50264	263	45	6	8	5	6	1	2	11	6	1	1	0	0	0	0	0	0	0	0	0
chr31	5p	+	32	14762	10261	10306	14935	50264	421	29	9	5	8	5	2	6	3	5	1	6	0	0	0	0	0	0	0	0	0
chr31	5p	+	33	14687	10563	10280	14734	50264	611	40	9	7	6	4	3	4	2	7	7	5	0	0	0	0	0	0	0	0	0
chr31	5p	+	34	14724	10286	10446	14808	50264	1084	26	4	6	3	2	9	4	6	3	0	1	0	0	0	0	0	0	0	0	0
chr31	5p	+	35	14732	10343	10297	14837	50209	1854	19	2	6	5	3	2	7	5	7	3	2	0	0	0	0	0	0	0	0	0
chr31	5p	+	36	0	1	0	0	1	0	0	0	0	0	0	0	0	0	0	0	0	0	0	0	0	0	0	0	0	0
chr31	5p	+	37	0	0	0	0	0	0	0	0	0	0	0	0	0	0	0	0	0	0	0	0	0	0	0	0	0	0
chr31	5p	+	38	0	0	0	0	0	0	0	0	0	0	0	0	0	0	0	0	0	0	0	0	0	0	0	0	0	0
chr31	5p	+	39	0	0	0	0	0	0	0	0	0	0	0	0	0	0	0	0	0	0	0	0	0	0	0	0	0	0
chr31	5p	+	40	0	0	0	0	0	0	0	0	0	0	0	0	0	0	0	0	0	0	0	0	0	0	0	0	0	0
chr31	5p	+	41	0	0	0	0	0	0	0	0	0	0	0	0	0	0	0	0	0	0	0	0	0	0	0	0	0	0
chr31	5p	+	42	0	0	0	0	0	0	0	0	0	0	0	0	0	0	0	0	0	0	0	0	0	0	0	0	0	0
chr31	5p	+	43	0	0	0	0	0	0	0	0	0	0	0	0	0	0	0	0	0	0	0	0	0	0	0	0	0	0
chr31	5p	+	44	0	0	0	0	0	0	0	0	0	0	0	0	0	0	0	0	0	0	0	0	0	0	0	0	0	0
chr31	5p	+	45	0	0	0	0	0	0	0	0	0	0	0	0	0	0	0	0	0	0	0	0	0	0	0	0	0	0
chr31	5p	+	46	0	0	0	0	0	0	0	0	0	0	0	0	0	0	0	0	0	0	0	0	0	0	0	0	0	0
chr31	5p	+	47	0	0	0	0	0	0	0	0	0	0	0	0	0	0	0	0	0	0	0	0	0	0	0	0	0	0
chr31	5p	+	48	0	0	0	0	0	0	0	0	0	0	0	0	0	0	0	0	0	0	0	0	0	0	0	0	0	0
chr31	5p	+	49	0	0	0	0	0	0	0	0	0	0	0	0	0	0	0	0	0	0	0	0	0	0	0	0	0	0
chr31	5p	+	50	0	0	0	0	0	0	0	0	0	0	0	0	0	0	0	0	0	0	0	0	0	0	0	0	0	0
chr31	5p	+	51	0	0	0	0	0	0	0	0	0	0	0	0	0	0	0	0	0	0	0	0	0	0	0	0	0	0
chr31	5p	+	52	0	0	0	0	0	0	0	0	0	0	0	0	0	0	0	0	0	0	0	0	0	0	0	0	0	0
chr31	5p	+	53	0	0	0	0	0	0	0	0	0	0	0	0	0	0	0	0	0	0	0	0	0	0	0	0	0	0
chr31	5p	+	54	0	0	0	0	0	0	0	0	0	0	0	0	0	0	0	0	0	0	0	0	0	0	0	0	0	0
chr31	5p	+	55	0	0	0	0	0	0	0	0	0	0	0	0	0	0	0	0	0	0	0	0	0	0	0	0	0	0
chr31	5p	+	56	0	0	0	0	0	0	0	0	0	0	0	0	0	0	0	0	0	0	0	0	0	0	0	0	0	0
chr31	5p	+	57	0	0	0	0	0	0	0	0	0	0	0	0	0	0	0	0	0	0	0	0	0	0	0	0	0	0
chr31	5p	+	58	0	0	0	0	0	0	0	0	0	0	0	0	0	0	0	0	0	0	0	0	0	0	0	0	0	0
chr31	5p	+	59	0	0	0	0	0	0	0	0	0	0	0	0	0	0	0	0	0	0	0	0	0	0	0	0	0	0
chr31	5p	+	60	0	0	0	0	0	0	0	0	0	0	0	0	0	0	0	0	0	0	0	0	0	0	0	0	0	0
chr31	5p	+	61	0	0	0	0	0	0	0	0	0	0	0	0	0	0	0	0	0	0	0	0	0	0	0	0	0	0
chr31	5p	+	62	0	0	0	0	0	0	0	0	0	0	0	0	0	0	0	0	0	0	0	0	0	0	0	0	0	0
chr31	5p	+	63	0	0	0	0	0	0	0	0	0	0	0	0	0	0	0	0	0	0	0	0	0	0	0	0	0	0
chr31	5p	+	64	0	0	0	0	0	0	0	0	0	0	0	0	0	0	0	0	0	0	0	0	0	0	0	0	0	0
chr31	5p	+	65	0	0	0	0	0	0	0	0	0	0	0	0	0	0	0	0	0	0	0	0	0	0	0	0	0	0
chr31	5p	+	66	0	0	0	0	0	0	0	0	0	0	0	0	0	0	0	0	0	0	0	0	0	0	0	0	0	0
chr31	5p	+	67	0	0	0	0	0	0	0	0	0	0	0	0	0	0	0	0	0	0	0	0	0	0	0	0	0	0
chr31	5p	+	68	0	0	0	0	0	0	0	0	0	0	0	0	0	0	0	0	0	0	0	0	0	0	0	0	0	0
chr31	5p	+	69	0	0	0	0	0	0	0	0	0	0	0	0	0	0	0	0	0	0	0	0	0	0	0	0	0	0
chr31	5p	+	70	0	0	0	0	0	0	0	0	0	0	0	0	0	0	0	0	0	0	0	0	0	0	0	0	0	0
chr31	5p	-	1	14577	10204	10187	14768	49736	9	1846	2	1	3	5	3	2	1	4	2	1	0	0	0	0	0	0	0	0	0
chr31	5p	-	2	14805	10208	10253	14470	49736	13	1065	6	6	3	5	2	1	9	4	2	3	0	0	0	0	0	0	0	0	0
chr31	5p	-	3	14679	10194	10297	14566	49736	8	700	6	3	10	4	3	4	7	3	9	3	0	0	0	0	0	0	0	0	0
chr31	5p	-	4	14528	10128	10218	14862	49736	5	439	8	6	7	8	1	8	2	7	2	6	0	0	0	0	0	0	0	0	0
chr31	5p	-	5	14539	10243	10295	14659	49736	10	276	5	10	3	6	9	3	8	10	5	10	0	0	0	0	0	0	0	0	0
chr31	5p	-	6	14497	10261	10361	14617	49736	20	206	4	8	13	4	4	3	7	3	5	4	0	0	0	0	0	0	0	0	0
chr31	5p	-	7	14603	10078	10320	14735	49736	23	140	3	3	7	4	4	3	4	5	3	1	0	0	0	0	0	0	0	0	0
chr31	5p	-	8	14585	10162	10141	14848	49736	21	103	4	4	4	6	3	8	7	4	2	4	0	0	0	0	0	0	0	0	0
chr31	5p	-	9	14623	10138	10322	14653	49736	19	95	7	4	3	4	2	2	6	8	6	5	0	0	0	0	0	0	0	0	0
chr31	5p	-	10	14546	10098	10302	14790	49736	28	96	7	5	4	3	3	10	7	7	3	4	0	0	0	0	0	0	0	0	0
chr31	5p	-	11	14559	10185	10223	14769	49736	26	71	6	6	8	7	2	2	6	6	8	3	0	0	0	0	0	0	0	0	0
chr31	5p	-	12	14662	10293	10215	14566	49736	47	79	4	2	5	3	7	2	6	5	4	3	0	0	0	0	0	0	0	0	0
chr31	5p	-	13	14577	10148	10326	14685	49736	42	62	3	5	5	5	2	4	6	6	5	5	0	0	0	0	0	0	0	0	0
chr31	5p	-	14	14316	10259	10132	15029	49736	30	58	4	10	7	5	2	4	5	4	2	3	0	0	0	0	0	0	0	0	0
chr31	5p	-	15	14464	10134	10180	14958	49736	40	68	3	3	2	2	2	3	4	3	0	1	0	0	0	0	0	0	0	0	0
chr31	5p	-	16	14655	10181	10085	14815	49736	39	57	5	8	6	6	1	3	5	7	3	3	0	0	0	0	0	0	0	0	0
chr31	5p	-	17	14640	10154	10318	14624	49736	29	45	5	5	10	2	4	4	4	2	1	5	0	0	0	0	0	0	0	0	0
chr31	5p	-	18	14781	10149	10225	14581	49736	47	53	4	2	9	5	6	2	8	4	6	6	0	0	0	0	0	0	0	0	0
chr31	5p	-	19	14665	10202	10265	14604	49736	52	65	7	6	8	5	7	2	6	3	1	1	0	0	0	0	0	0	0	0	0
chr31	5p	-	20	14658	10196	10315	14567	49736	44	49	4	6	3	11	2	5	6	4	4	5	0	0	0	0	0	0	0	0	0
chr31	5p	-	21	14750	10095	10268	14623	49736	53	56	7	5	1	6	3	1	4	5	5	2	0	0	0	0	0	0	0	0	0
chr31	5p	-	22	14631	10246	10114	14745	49736	49	58	3	9	6	6	3	6	7	6	0	1	0	0	0	0	0	0	0	0	0
chr31	5p	-	23	14653	10140	10021	14922	49736	55	47	4	6	5	5	3	3	5	6	6	4	0	0	0	0	0	0	0	0	0
chr31	5p	-	24	14601	10102	10264	14769	49736	53	47	3	3	6	0	2	6	6	2	3	6	0	0	0	0	0	0	0	0	0
chr31	5p	-	25	14584	10175	10325	14652	49736	55	51	6	5	5	3	4	9	6	13	4	1	0	0	0	0	0	0	0	0	0
chr31	5p	-	26	14451	10320	10138	14827	49736	47	41	4	7	5	7	5	4	9	4	3	2	0	0	0	0	0	0	0	0	0
chr31	5p	-	27	14528	10207	10115	14886	49736	82	58	10	9	4	8	6	1	1	3	3	3	0	0	0	0	0	0	0	0	0
chr31	5p	-	28	14588	10142	10261	14745	49736	109	51	5	12	7	5	8	2	4	3	5	3	0	0	0	0	0	0	0	0	0
chr31	5p	-	29	14488	10213	10310	14725	49736	130	40	4	5	2	4	2	3	4	7	4	5	0	0	0	0	0	0	0	0	0
chr31	5p	-	30	14573	10166	10261	14736	49736	157	39	1	2	10	1	6	4	5	3	4	4	0	0	0	0	0	0	0	0	0
chr31	5p	-	31	14566	10220	10271	14679	49736	272	34	5	3	5	3	4	2	3	4	2	3	0	0	0	0	0	0	0	0	0
chr31	5p	-	32	14789	10192	10060	14695	49736	395	38	1	6	4	11	5	5	6	9	3	3	0	0	0	0	0	0	0	0	0
chr31	5p	-	33	14760	10263	10226	14487	49736	681	27	6	7	2	4	3	3	2	12	4	5	0	0	0	0	0	0	0	0	0
chr31	5p	-	34	14661	10200	10176	14699	49736	1074	23	6	9	16	7	3	6	10	10	4	6	0	0	0	0	0	0	0	0	0
chr31	5p	-	35	14506	10206	10277	14702	49691	1861	23	3	3	5	6	4	3	5	7	3	5	0	0	0	0	0	0	0	0	0
chr31	5p	-	36	0	0	0	0	0	0	0	0	0	0	0	0	0	0	0	0	0	0	0	0	0	0	0	0	0	0
chr31	5p	-	37	0	0	0	0	0	0	0	0	0	0	0	0	0	0	0	0	0	0	0	0	0	0	0	0	0	0
chr31	5p	-	38	0	0	0	0	0	0	0	0	0	0	0	0	0	0	0	0	0	0	0	0	0	0	0	0	0	0
chr31	5p	-	39	0	0	0	0	0	0	0	0	0	0	0	0	0	0	0	0	0	0	0	0	0	0	0	0	0	0
chr31	5p	-	40	0	0	0	0	0	0	0	0	0	0	0	0	0	0	0	0	0	0	0	0	0	0	0	0	0	0
chr31	5p	-	41	0	0	0	0	0	0	0	0	0	0	0	0	0	0	0	0	0	0	0	0	0	0	0	0	0	0
chr31	5p	-	42	0	0	0	0	0	0	0	0	0	0	0	0	0	0	0	0	0	0	0	0	0	0	0	0	0	0
chr31	5p	-	43	0	0	0	0	0	0	0	0	0	0	0	0	0	0	0	0	0	0	0	0	0	0	0	0	0	0
chr31	5p	-	44	0	0	0	0	0	0	0	0	0	0	0	0	0	0	0	0	0	0	0	0	0	0	0	0	0	0
chr31	5p	-	45	0	0	0	0	0	0	0	0	0	0	0	0	0	0	0	0	0	0	0	0	0	0	0	0	0	0
chr31	5p	-	46	0	0	0	0	0	0	0	0	0	0	0	0	0	0	0	0	0	0	0	0	0	0	0	0	0	0
chr31	5p	-	47	0	0	0	0	0	0	0	0	0	0	0	0	0	0	0	0	0	0	0	0	0	0	0	0	0	0
chr31	5p	-	48	0	0	0	0	0	0	0	0	0	0	0	0	0	0	0	0	0	0	0	0	0	0	0	0	0	0
chr31	5p	-	49	0	0	0	0	0	0	0	0	0	0	0	0	0	0	0	0	0	0	0	0	0	0	0	0	0	0
chr31	5p	-	50	0	0	0	0	0	0	0	0	0	0	0	0	0	0	0	0	0	0	0	0	0	0	0	0	0	0
chr31	5p	-	51	0	0	0	0	0	0	0	0	0	0	0	0	0	0	0	0	0	0	0	0	0	0	0	0	0	0
chr31	5p	-	52	0	0	0	0	0	0	0	0	0	0	0	0	0	0	0	0	0	0	0	0	0	0	0	0	0	0
chr31	5p	-	53	0	0	0	0	0	0	0	0	0	0	0	0	0	0	0	0	0	0	0	0	0	0	0	0	0	0
chr31	5p	-	54	0	0	0	0	0	0	0	0	0	0	0	0	0	0	0	0	0	0	0	0	0	0	0	0	0	0
chr31	5p	-	55	0	0	0	0	0	0	0	0	0	0	0	0	0	0	0	0	0	0	0	0	0	0	0	0	0	0
chr31	5p	-	56	0	0	0	0	0	0	0	0	0	0	0	0	0	0	0	0	0	0	0	0	0	0	0	0	0	0
chr31	5p	-	57	0	0	0	0	0	0	0	0	0	0	0	0	0	0	0	0	0	0	0	0	0	0	0	0	0	0
chr31	5p	-	58	0	0	0	0	0	0	0	0	0	0	0	0	0	0	0	0	0	0	0	0	0	0	0	0	0	0
chr31	5p	-	59	0	0	0	0	0	0	0	0	0	0	0	0	0	0	0	0	0	0	0	0	0	0	0	0	0	0
chr31	5p	-	60	0	0	0	0	0	0	0	0	0	0	0	0	0	0	0	0	0	0	0	0	0	0	0	0	0	0
chr31	5p	-	61	0	0	0	0	0	0	0	0	0	0	0	0	0	0	0	0	0	0	0	0	0	0	0	0	0	0
chr31	5p	-	62	0	0	0	0	0	0	0	0	0	0	0	0	0	0	0	0	0	0	0	0	0	0	0	0	0	0
chr31	5p	-	63	0	0	0	0	0	0	0	0	0	0	0	0	0	0	0	0	0	0	0	0	0	0	0	0	0	0
chr31	5p	-	64	0	0	0	0	0	0	0	0	0	0	0	0	0	0	0	0	0	0	0	0	0	0	0	0	0	0
chr31	5p	-	65	0	0	0	0	0	0	0	0	0	0	0	0	0	0	0	0	0	0	0	0	0	0	0	0	0	0
chr31	5p	-	66	0	0	0	0	0	0	0	0	0	0	0	0	0	0	0	0	0	0	0	0	0	0	0	0	0	0
chr31	5p	-	67	0	0	0	0	0	0	0	0	0	0	0	0	0	0	0	0	0	0	0	0	0	0	0	0	0	0
chr31	5p	-	68	0	0	0	0	0	0	0	0	0	0	0	0	0	0	0	0	0	0	0	0	0	0	0	0	0	0
chr31	5p	-	69	0	0	0	0	0	0	0	0	0	0	0	0	0	0	0	0	0	0	0	0	0	0	0	0	0	0
chr31	5p	-	70	0	0	0	0	0	0	0	0	0	0	0	0	0	0	0	0	0	0	0	0	0	0	0	0	0	0
